[CAMERA_CONFIG]
use_two_cameras = False
camera_index_left = 0
camera_index_right = 1
camera_calc_diameter = True
camera_height = 30
camera_distance = 30
camera_fov = 30
focal_lenght = 30
sensor_width = 10
pixel_separation = 100
diameter_separation = 50.0
use_camera_calibration = True
chessboard_intersection_lines = 8
chessboard_intersection_columns = 5
square_size = 30.0
draw_calibration_lines = True
apple_z = 30.0

[FILTER_CONFIG]
apply_filters = True
min_hue = 0
max_hue = 179
min_saturation = 0
max_saturation = 255
min_value = 0
max_value = 255
saturation_booster = 0
value_booster = 0
blur_kernelsize = 1
gaussian_blur = 0
canny_edge_enabled = False
kernelsize = 1
canny_erode = 1
canny_dilate = 1
canny_1 = 0
canny_2 = 0
sobel_enabled = True
laplace_enabled = False
output_erode = 1
output_dilate = 1

[DETECTION_CONFIG]
threshold1_value = 0
threshold2_value = 19
mode_value = 0
detectionmode_value = 0
categorizationmode_value = 0

[IO_CONFIG]
use_photosensor = False
photosensor_pin = 17
use_lights = True
light_default_intensity = 0
use_rgb_leds = True
rgb_r_pin = 1
rgb_g_pin = 2
rgb_b_pin = 3

[LOGS_CONFIG]
logs_file_path = apple_log.txt

[DEPENDENCIES_CONFIG]
model_0_categorization_file_path = models/rotten.h5
model_0_weights_file_path = models/yolov4.weights
model_0_weights_cfg_path = models/yolov4.cfg
model_0_names_file_path = models/coco.names
model_1_weights_file_path = models/yolov4-tiny.weights
model_1_weights_cfg_path = models/yolov4-tiny.cfg
model_1_names_file_path = models/coco.names

[CALIBRATION_DATA]
intrinsmat = 1202.2256449026722,0.0,334.92238378347844,0.0,1190.0161406571824,283.0397435350505,0.0,0.0,1.0
distcoeffs = -1.8442211613685127,65.45719077472243,-0.0019517351215872175,0.05519144831351429,-742.5474656017492
rvecs = 0.14574825704919148,0.14023839354131393,0.09699855691557034
tvecs = -3.307947130654767,-2.1537646307334426,18.17408158964316
imgoriginaxis = 127.744934,147.39209,186.80734,152.01729,122.94455,209.80974,108.47446,150.01276
imgoutercorners = 127.744934,147.39209,144.8913,148.53561,126.08753,166.10191,588.9709,185.52094,567.8228,183.35538,586.82245,205.98586,113.80415,391.42603,130.32329,394.06223,114.25991,373.8551,555.94696,450.6656,536.01575,448.81912,558.8529,432.04306
