[CAMERA_CONFIG]
use_two_cameras = False
camera_index_left = 0
camera_index_right = 1
camera_calc_diameter = True
camera_height = 30
camera_distance = 30
camera_fov = 60
focal_lenght = 0
sensor_width = 10
pixel_separation = 100
diameter_separation = 5.0
use_camera_calibration = True
chessboard_intersection_lines = 8
chessboard_intersection_columns = 5
square_size = 3.0
draw_calibration_lines = True
apple_z = 3.0

[FILTER_CONFIG]
apply_filters = True
min_hue = 0
max_hue = 179
min_saturation = 0
max_saturation = 255
min_value = 0
max_value = 255
saturation_booster = 0
value_booster = 0
blur_kernelsize = 1
gaussian_blur = 0
canny_edge_enabled = False
kernelsize = 1
canny_erode = 1
canny_dilate = 1
canny_1 = 0
canny_2 = 0
sobel_enabled = False
laplace_enabled = False
output_erode = 1
output_dilate = 1

[DETECTION_CONFIG]
threshold1_value = 0
threshold2_value = 19
mode_value = 0
detectionmode_value = 1
categorizationmode_value = 0

[IO_CONFIG]
use_photosensor = False
photosensor_pin = 17
use_lights = True
light_default_intensity = 0
use_rgb_leds = True
rgb_r_pin = 1
rgb_g_pin = 2
rgb_b_pin = 3

[LOGS_CONFIG]
logs_file_path = apple_log.txt

[DEPENDENCIES_CONFIG]
model_0_categorization_file_path = models/rotten.h5
model_0_weights_file_path = models/yolov4.weights
model_0_weights_cfg_path = models/yolov4.cfg
model_0_names_file_path = models/coco.names
model_1_weights_file_path = models/yolov4-tiny.weights
model_1_weights_cfg_path = models/yolov4-tiny.cfg
model_1_names_file_path = models/coco.names

[CALIBRATION_DATA]
intrinsmat = 402.70499281025405,0.0,410.9678789813448,0.0,427.3841902265676,211.95774942957465,0.0,0.0,1.0
distcoeffs = 0.7104836841022079,-1.864000868486516,-0.12988037968827645,-0.007127390578953787,2.792018845786907
rvecs = -0.21751881272526327,0.15429058241741778,-0.046123077778832754
tvecs = -3.9401961417793285,2.6302549744210593,13.214278891928267
imgoriginaxis = 288.24017,291.5088,319.43427,291.21713,287.8238,322.66498,272.07773,290.3259
imgoutercorners = 288.24017,291.5088,297.6407,291.46765,288.14868,300.84308,509.00983,283.95956,498.4815,284.5768,509.602,293.9454,282.70053,421.60428,292.94684,420.97775,283.90588,410.37863,520.0966,422.74884,508.57788,421.9731,518.58466,410.8191

